Year,Coal,Gas,Oil,Renewable,Total
1973,920.20,172.50,1333.20,197.40,2615.20
1974,981.10,189.20,1327.70,204.00,2694.80
1975,981.20,211.20,1339.70,206.20,2730.80
1976,1047.70,256.20,1410.60,199.30,2905.90
1977,1070.40,283.00,1438.30,201.20,2985.10
1978,1103.00,314.90,1440.90,199.60,3053.10
1979,1168.90,362.60,1411.60,193.60,3131.40
1980,1169.40,416.00,1358.60,206.00,3146.30
1981,1229.20,462.00,1339.00,210.70,3237.60
1982,1194.90,466.20,1262.70,203.50,3122.70
1983,1228.30,490.00,1306.70,200.90,3221.20
1984,1334.20,523.30,1306.60,212.90,3370.70
1985,1316.40,570.70,1304.90,214.90,3402.50
1986,1401.50,588.40,1315.80,214.50,3514.40
1987,1430.70,610.50,1369.30,218.40,3623.00
1988,1548.40,627.80,1433.20,228.70,3832.70
1989,1576.10,688.10,1452.70,233.00,3945.90
1990,1623.20,655.40,1440.90,236.30,3949.90
1991,1640.30,678.60,1444.50,221.90,3982.70
1992,1642.60,707.00,1491.70,243.80,4081.80
1993,1661.40,736.80,1532.50,252.30,4181.90
1994,1710.10,793.10,1606.30,258.80,4365.40
1995,1775.90,797.00,1663.90,267.20,4505.50
1996,1852.60,818.40,1660.60,280.10,4611.10
1997,1959.50,859.30,1680.10,278.20,4777.60
1998,2022.70,887.40,1698.20,278.30,4884.70
1999,2052.50,921.50,1722.90,274.10,4971.00
2000,2081.50,959.90,1701.50,268.90,5011.80
2001,2127.80,974.70,1750.00,244.50,5097.00
2002,2118.70,942.10,1801.90,276.50,5138.70
2003,2221.70,974.00,1810.50,279.10,5284.70
2004,2254.50,996.40,1869.00,280.20,5399.20
2005,2292.70,1000.90,1969.70,284.50,5546.70
2006,2316.60,1131.90,1988.30,288.30,5724.00
2007,2300.20,1168.70,1981.80,286.40,5736.10
2008,2351.00,1252.90,2000.30,239.90,5843.80
2009,2224.80,1257.80,2057.80,282.60,5823.70
2010,2123.90,1274.20,2211.60,294.60,5902.50
2011,2074.70,1338.50,2183.80,293.80,5888.10
2012,1930.90,1376.50,2276.20,333.50,5915.00
2013,1845.80,1407.20,2293.90,344.20,5891.10
2014,1907.20,1420.00,2233.80,347.70,5908.60
2015,1954.90,1464.40,2276.70,360.20,6056.20
2016,1930.00,1496.70,2315.10,379.10,6120.90
2017,1847.30,1557.30,2400.30,382.50,6187.30
2018,1801.60,1586.50,2407.30,400.20,6195.60
2019,1706.60,1647.20,2241.20,418.80,6013.80
